# k T block_size nblocks meanE meanE_per_spin errE errE_per_spin
   1     1.000000        1   499901      -798.8626107961        -1.9971565270         0.0543680722         0.0001359202
   1     1.000000        2   249950      -798.8626165225        -1.9971565413         0.0000000000         0.0000000000
   1     1.000000        4   124975      -798.8626165226        -1.9971565413         0.0000000000         0.0000000000
   1     1.000000        8    62487      -798.8626154234        -1.9971565386         0.0000000000         0.0000000000
   1     1.000000       16    31243      -798.8626212269        -1.9971565531         0.0030684303         0.0000076711
   1     1.000000       32    15621      -798.8626088279        -1.9971565221         0.0030729709         0.0000076824
   1     1.000000       64     7810      -798.8626400448        -1.9971566001         0.0030786597         0.0000076966
   1     1.000000      128     3905      -798.8626400448        -1.9971566001         0.0030805995         0.0000077015
   1     1.000000      256     1952      -798.8626128650        -1.9971565322         0.0031303071         0.0000078258
   1     1.000000      512      976      -798.8626128650        -1.9971565322         0.0030819205         0.0000077048
   1     1.000000     1024      488      -798.8626128650        -1.9971565322         0.0029980866         0.0000074952
   1     1.000000     2048      244      -798.8626128650        -1.9971565322         0.0029378966         0.0000073447
   1     1.000000     4096      122      -798.8626128650        -1.9971565322         0.0028267132         0.0000070668
   1     1.000000     8192       61      -798.8626128650        -1.9971565322         0.0029862025         0.0000074655
   1     1.000000    16384       30      -798.8629679363        -1.9971574198         0.0032856851         0.0000082142
   1     1.000000    32768       15      -798.8629679362        -1.9971574198         0.0031879648         0.0000079699
   1     1.000000    65536        7      -798.8619123188        -1.9971547808         0.0020170362         0.0000050426
   1     1.000000   131072        3      -798.8636118568        -1.9971590296         0.0011821158         0.0000029553
   2     1.100000        1   499901      -797.5816571664        -1.9939541429         0.0796402283         0.0001991006
   2     1.100000        2   249950      -797.5816683321        -1.9939541708         0.0000000000         0.0000000000
   2     1.100000        4   124975      -797.5816683325        -1.9939541708         0.0000000000         0.0000000000
   2     1.100000        8    62487      -797.5816689867        -1.9939541725         0.0000000000         0.0000000000
   2     1.100000       16    31243      -797.5816622925        -1.9939541557         0.0044855431         0.0000112139
   2     1.100000       32    15621      -797.5816649062        -1.9939541623         0.0044655570         0.0000111639
   2     1.100000       64     7810      -797.5817221511        -1.9939543054         0.0044827767         0.0000112069
   2     1.100000      128     3905      -797.5817221511        -1.9939543054         0.0044909282         0.0000112273
   2     1.100000      256     1952      -797.5817751025        -1.9939544378         0.0045213717         0.0000113034
   2     1.100000      512      976      -797.5817751025        -1.9939544378         0.0044974081         0.0000112435
   2     1.100000     1024      488      -797.5817751025        -1.9939544378         0.0044333258         0.0000110833
   2     1.100000     2048      244      -797.5817751024        -1.9939544378         0.0046452925         0.0000116132
   2     1.100000     4096      122      -797.5817751024        -1.9939544378         0.0046029715         0.0000115074
   2     1.100000     8192       61      -797.5817751024        -1.9939544378         0.0042894728         0.0000107237
   2     1.100000    16384       30      -797.5826619467        -1.9939566549         0.0044343205         0.0000110858
   2     1.100000    32768       15      -797.5826619466        -1.9939566549         0.0053385078         0.0000133463
   2     1.100000    65536        7      -797.5803658624        -1.9939509147         0.0062615484         0.0000156539
   2     1.100000   131072        3      -797.5839436846        -1.9939598592         0.0062775181         0.0000156938
   3     1.200000        1   499901      -795.4463623768        -1.9886159059         0.1105034303         0.0002762586
   3     1.200000        2   249950      -795.4463612700        -1.9886159032         0.0000000000         0.0000000000
   3     1.200000        4   124975      -795.4463612713        -1.9886159032         0.0000000000         0.0000000000
   3     1.200000        8    62487      -795.4463328375        -1.9886158321         0.0000000000         0.0000000000
   3     1.200000       16    31243      -795.4463399801        -1.9886158500         0.0062096379         0.0000155241
   3     1.200000       32    15621      -795.4463742718        -1.9886159357         0.0062087714         0.0000155219
   3     1.200000       64     7810      -795.4463868438        -1.9886159671         0.0061826439         0.0000154566
   3     1.200000      128     3905      -795.4463868438        -1.9886159671         0.0061764063         0.0000154410
   3     1.200000      256     1952      -795.4466212538        -1.9886165531         0.0062381662         0.0000155954
   3     1.200000      512      976      -795.4466212538        -1.9886165531         0.0062105289         0.0000155263
   3     1.200000     1024      488      -795.4466212538        -1.9886165531         0.0064260355         0.0000160651
   3     1.200000     2048      244      -795.4466212538        -1.9886165531         0.0061809375         0.0000154523
   3     1.200000     4096      122      -795.4466212538        -1.9886165531         0.0065949323         0.0000164873
   3     1.200000     8192       61      -795.4466212538        -1.9886165531         0.0066358456         0.0000165896
   3     1.200000    16384       30      -795.4461588542        -1.9886153971         0.0070133457         0.0000175334
   3     1.200000    32768       15      -795.4461588542        -1.9886153971         0.0056736027         0.0000141840
   3     1.200000    65536        7      -795.4457659043        -1.9886144148         0.0084606961         0.0000211517
   3     1.200000   131072        3      -795.4490356443        -1.9886225891         0.0097494508         0.0000243736
   4     1.300000        1   499901      -792.1205238595        -1.9803013096         0.1464951719         0.0003662379
   4     1.300000        2   249950      -792.1205401059        -1.9803013503         0.0000000000         0.0000000000
   4     1.300000        4   124975      -792.1205401083        -1.9803013503         0.0000000000         0.0000000000
   4     1.300000        8    62487      -792.1205530749        -1.9803013827         0.0000000000         0.0000000000
   4     1.300000       16    31243      -792.1204749864        -1.9803011875         0.0082482200         0.0000206205
   4     1.300000       32    15621      -792.1204588375        -1.9803011471         0.0082200211         0.0000205501
   4     1.300000       64     7810      -792.1203425096        -1.9803008563         0.0081630567         0.0000204076
   4     1.300000      128     3905      -792.1203425096        -1.9803008563         0.0082765755         0.0000206914
   4     1.300000      256     1952      -792.1204493788        -1.9803011234         0.0082047041         0.0000205118
   4     1.300000      512      976      -792.1204493788        -1.9803011234         0.0082756904         0.0000206892
   4     1.300000     1024      488      -792.1204493788        -1.9803011234         0.0080804102         0.0000202010
   4     1.300000     2048      244      -792.1204493788        -1.9803011234         0.0082953595         0.0000207384
   4     1.300000     4096      122      -792.1204493788        -1.9803011234         0.0084267441         0.0000210669
   4     1.300000     8192       61      -792.1204493788        -1.9803011234         0.0084747997         0.0000211870
   4     1.300000    16384       30      -792.1213785808        -1.9803034465         0.0077594410         0.0000193986
   4     1.300000    32768       15      -792.1213785808        -1.9803034465         0.0070147949         0.0000175370
   4     1.300000    65536        7      -792.1229291646        -1.9803073229         0.0046650675         0.0000116627
   4     1.300000   131072        3      -792.1201171875        -1.9803002930         0.0038414892         0.0000096037
   5     1.400000        1   499901      -787.2514757876        -1.9681286895         0.1887278790         0.0004718197
   5     1.400000        2   249950      -787.2514662930        -1.9681286657         0.0000000000         0.0000000000
   5     1.400000        4   124975      -787.2514662933        -1.9681286657         0.0000000000         0.0000000000
   5     1.400000        8    62487      -787.2514603038        -1.9681286508         0.0000000000         0.0000000000
   5     1.400000       16    31243      -787.2514643280        -1.9681286608         0.0106328917         0.0000265822
   5     1.400000       32    15621      -787.2515123872        -1.9681287810         0.0106627946         0.0000266570
   5     1.400000       64     7810      -787.2514404609        -1.9681286012         0.0107185723         0.0000267964
   5     1.400000      128     3905      -787.2514404609        -1.9681286012         0.0107023674         0.0000267559
   5     1.400000      256     1952      -787.2515448899        -1.9681288622         0.0105004231         0.0000262511
   5     1.400000      512      976      -787.2515448899        -1.9681288622         0.0105832014         0.0000264580
   5     1.400000     1024      488      -787.2515448899        -1.9681288622         0.0106890847         0.0000267227
   5     1.400000     2048      244      -787.2515448898        -1.9681288622         0.0106279186         0.0000265698
   5     1.400000     4096      122      -787.2515448898        -1.9681288622         0.0103575890         0.0000258940
   5     1.400000     8192       61      -787.2515448898        -1.9681288622         0.0097351093         0.0000243378
   5     1.400000    16384       30      -787.2533854167        -1.9681334635         0.0105031620         0.0000262579
   5     1.400000    32768       15      -787.2533854167        -1.9681334635         0.0120279379         0.0000300698
   5     1.400000    65536        7      -787.2498692106        -1.9681246730         0.0138827650         0.0000347069
   5     1.400000   131072        3      -787.2528025310        -1.9681320063         0.0224271194         0.0000560678
   6     1.500000        1   499901      -780.4665083658        -1.9511662709         0.2366337774         0.0005915844
   6     1.500000        2   249950      -780.4665133035        -1.9511662833         0.0000000000         0.0000000000
   6     1.500000        4   124975      -780.4665133026        -1.9511662833         0.0000000000         0.0000000000
   6     1.500000        8    62487      -780.4665290380        -1.9511663226         0.0000000000         0.0000000000
   6     1.500000       16    31243      -780.4666045194        -1.9511665113         0.0132828222         0.0000332071
   6     1.500000       32    15621      -780.4665834454        -1.9511664586         0.0132760215         0.0000331901
   6     1.500000       64     7810      -780.4665572983        -1.9511663932         0.0132700556         0.0000331751
   6     1.500000      128     3905      -780.4665572983        -1.9511663932         0.0131395546         0.0000328489
   6     1.500000      256     1952      -780.4662405546        -1.9511656014         0.0129611630         0.0000324029
   6     1.500000      512      976      -780.4662405546        -1.9511656014         0.0128663097         0.0000321658
   6     1.500000     1024      488      -780.4662405546        -1.9511656014         0.0125640896         0.0000314102
   6     1.500000     2048      244      -780.4662405546        -1.9511656014         0.0123343859         0.0000308360
   6     1.500000     4096      122      -780.4662405546        -1.9511656014         0.0118928719         0.0000297322
   6     1.500000     8192       61      -780.4662405545        -1.9511656014         0.0117523021         0.0000293808
   6     1.500000    16384       30      -780.4677368164        -1.9511693420         0.0097113461         0.0000242784
   6     1.500000    32768       15      -780.4677368164        -1.9511693420         0.0098099670         0.0000245249
   6     1.500000    65536        7      -780.4680786134        -1.9511701965         0.0082568521         0.0000206421
   6     1.500000   131072        3      -780.4627685548        -1.9511569214         0.0105867886         0.0000264670
   7     1.600000        1   499901      -771.2866667605        -1.9282166669         0.2910918405         0.0007277296
   7     1.600000        2   249950      -771.2866573313        -1.9282166433         0.0000000000         0.0000000000
   7     1.600000        4   124975      -771.2866573314        -1.9282166433         0.0000000000         0.0000000000
   7     1.600000        8    62487      -771.2866876310        -1.9282167191         0.0000000000         0.0000000000
   7     1.600000       16    31243      -771.2867322280        -1.9282168306         0.0164419280         0.0000411048
   7     1.600000       32    15621      -771.2865653607        -1.9282164134         0.0164314414         0.0000410786
   7     1.600000       64     7810      -771.2862435979        -1.9282156090         0.0165764100         0.0000414410
   7     1.600000      128     3905      -771.2862435979        -1.9282156090         0.0165125151         0.0000412813
   7     1.600000      256     1952      -771.2865770684        -1.9282164427         0.0163304820         0.0000408262
   7     1.600000      512      976      -771.2865770684        -1.9282164427         0.0164564322         0.0000411411
   7     1.600000     1024      488      -771.2865770684        -1.9282164427         0.0162993730         0.0000407484
   7     1.600000     2048      244      -771.2865770684        -1.9282164427         0.0164695811         0.0000411740
   7     1.600000     4096      122      -771.2865770684        -1.9282164427         0.0168236487         0.0000420591
   7     1.600000     8192       61      -771.2865770684        -1.9282164427         0.0158552686         0.0000396382
   7     1.600000    16384       30      -771.2875366211        -1.9282188416         0.0163967879         0.0000409920
   7     1.600000    32768       15      -771.2875366211        -1.9282188416         0.0153668998         0.0000384172
   7     1.600000    65536        7      -771.2931562151        -1.9282328905         0.0171526700         0.0000428817
   7     1.600000   131072        3      -771.3043263754        -1.9282608159         0.0198162296         0.0000495406
   8     1.700000        1   499901      -759.2464708027        -1.8981161770         0.3532009345         0.0008830023
   8     1.700000        2   249950      -759.2464452891        -1.8981161132         0.0000000000         0.0000000000
   8     1.700000        4   124975      -759.2464452891        -1.8981161132         0.0000000000         0.0000000000
   8     1.700000        8    62487      -759.2464352585        -1.8981160881         0.0000000000         0.0000000000
   8     1.700000       16    31243      -759.2464752104        -1.8981161880         0.0200767077         0.0000501918
   8     1.700000       32    15621      -759.2466031304        -1.8981165078         0.0200439262         0.0000501098
   8     1.700000       64     7810      -759.2469110115        -1.8981172775         0.0200536653         0.0000501342
   8     1.700000      128     3905      -759.2469110115        -1.8981172775         0.0200555674         0.0000501389
   8     1.700000      256     1952      -759.2469462410        -1.8981173656         0.0199850773         0.0000499627
   8     1.700000      512      976      -759.2469462410        -1.8981173656         0.0203842358         0.0000509606
   8     1.700000     1024      488      -759.2469462410        -1.8981173656         0.0209051749         0.0000522629
   8     1.700000     2048      244      -759.2469462410        -1.8981173656         0.0208599949         0.0000521500
   8     1.700000     4096      122      -759.2469462410        -1.8981173656         0.0209444260         0.0000523611
   8     1.700000     8192       61      -759.2469462410        -1.8981173656         0.0214005790         0.0000535014
   8     1.700000    16384       30      -759.2487752279        -1.8981219381         0.0242510960         0.0000606277
   8     1.700000    32768       15      -759.2487752279        -1.8981219381         0.0240284654         0.0000600712
   8     1.700000    65536        7      -759.2408534458        -1.8981021336         0.0282658668         0.0000706647
   8     1.700000   131072        3      -759.2426859538        -1.8981067149         0.0132331457         0.0000330829
   9     1.800000        1   499901      -743.7607446272        -1.8594018616         0.4231304021         0.0010578260
   9     1.800000        2   249950      -743.7607561512        -1.8594018904         0.0000000000         0.0000000000
   9     1.800000        4   124975      -743.7607561512        -1.8594018904         0.0000000000         0.0000000000
   9     1.800000        8    62487      -743.7607622385        -1.8594019056         0.0000000000         0.0000000000
   9     1.800000       16    31243      -743.7608024197        -1.8594020060         0.0241681270         0.0000604203
   9     1.800000       32    15621      -743.7606107163        -1.8594015268         0.0241180076         0.0000602950
   9     1.800000       64     7810      -743.7606914213        -1.8594017286         0.0240044786         0.0000600112
   9     1.800000      128     3905      -743.7606914213        -1.8594017286         0.0235792275         0.0000589481
   9     1.800000      256     1952      -743.7606061091        -1.8594015153         0.0235380512         0.0000588451
   9     1.800000      512      976      -743.7606061091        -1.8594015153         0.0239958625         0.0000599897
   9     1.800000     1024      488      -743.7606061091        -1.8594015153         0.0236172744         0.0000590432
   9     1.800000     2048      244      -743.7606061091        -1.8594015153         0.0243389055         0.0000608473
   9     1.800000     4096      122      -743.7606061091        -1.8594015153         0.0245613465         0.0000614034
   9     1.800000     8192       61      -743.7606061091        -1.8594015153         0.0251249518         0.0000628124
   9     1.800000    16384       30      -743.7558308919        -1.8593895772         0.0281749803         0.0000704375
   9     1.800000    32768       15      -743.7558308919        -1.8593895772         0.0274977731         0.0000687444
   9     1.800000    65536        7      -743.7626037598        -1.8594065094         0.0310560620         0.0000776402
   9     1.800000   131072        3      -743.7507527669        -1.8593768819         0.0192182057         0.0000480455
  10     1.900000        1   499901      -723.8016847334        -1.8095042118         0.5063641634         0.0012659104
  10     1.900000        2   249950      -723.8016523305        -1.8095041308         0.0000000000         0.0000000000
  10     1.900000        4   124975      -723.8016523305        -1.8095041308         0.0000000000         0.0000000000
  10     1.900000        8    62487      -723.8016747483        -1.8095041869         0.0000000000         0.0000000000
  10     1.900000       16    31243      -723.8016675735        -1.8095041689         0.0292952576         0.0000732381
  10     1.900000       32    15621      -723.8018692785        -1.8095046732         0.0291536735         0.0000728842
  10     1.900000       64     7810      -723.8018085787        -1.8095045214         0.0292774032         0.0000731935
  10     1.900000      128     3905      -723.8018085787        -1.8095045214         0.0297330826         0.0000743327
  10     1.900000      256     1952      -723.8013936027        -1.8095034840         0.0303343142         0.0000758358
  10     1.900000      512      976      -723.8013936027        -1.8095034840         0.0294726965         0.0000736817
  10     1.900000     1024      488      -723.8013936027        -1.8095034840         0.0303754743         0.0000759387
  10     1.900000     2048      244      -723.8013936027        -1.8095034840         0.0291566749         0.0000728917
  10     1.900000     4096      122      -723.8013936027        -1.8095034840         0.0275115133         0.0000687788
  10     1.900000     8192       61      -723.8013936027        -1.8095034840         0.0277964070         0.0000694910
  10     1.900000    16384       30      -723.8007405599        -1.8095018514         0.0228579700         0.0000571449
  10     1.900000    32768       15      -723.8007405599        -1.8095018514         0.0183060682         0.0000457652
  10     1.900000    65536        7      -723.8020455497        -1.8095051139         0.0182475163         0.0000456188
  10     1.900000   131072        3      -723.8121032715        -1.8095302582         0.0086709716         0.0000216774
  11     2.000000        1   499901      -698.2039083739        -1.7455097709         0.6059344196         0.0015148360
  11     2.000000        2   249950      -698.2038967794        -1.7455097419         0.0000000000         0.0000000000
  11     2.000000        4   124975      -698.2038967794        -1.7455097419         0.0000000000         0.0000000000
  11     2.000000        8    62487      -698.2037943892        -1.7455094860         0.0000000000         0.0000000000
  11     2.000000       16    31243      -698.2038616650        -1.7455096542         0.0367928036         0.0000919820
  11     2.000000       32    15621      -698.2038081749        -1.7455095204         0.0371590338         0.0000928976
  11     2.000000       64     7810      -698.2037411972        -1.7455093530         0.0371603953         0.0000929010
  11     2.000000      128     3905      -698.2037411972        -1.7455093530         0.0368333017         0.0000920833
  11     2.000000      256     1952      -698.2036533043        -1.7455091333         0.0369622257         0.0000924056
  11     2.000000      512      976      -698.2036533043        -1.7455091333         0.0371563096         0.0000928908
  11     2.000000     1024      488      -698.2036533043        -1.7455091333         0.0372607499         0.0000931519
  11     2.000000     2048      244      -698.2036533043        -1.7455091333         0.0378666959         0.0000946667
  11     2.000000     4096      122      -698.2036533043        -1.7455091333         0.0386947050         0.0000967368
  11     2.000000     8192       61      -698.2036533043        -1.7455091333         0.0399230379         0.0000998076
  11     2.000000    16384       30      -698.2029418945        -1.7455073547         0.0451295003         0.0001128238
  11     2.000000    32768       15      -698.2029418945        -1.7455073547         0.0519732974         0.0001299332
  11     2.000000    65536        7      -698.1856079102        -1.7454640198         0.0632813947         0.0001582035
  11     2.000000   131072        3      -698.2263285319        -1.7455658213         0.0387116635         0.0000967792
  12     2.100000        1   499901      -664.7704005393        -1.6619260013         0.7312878664         0.0018282197
  12     2.100000        2   249950      -664.7703260652        -1.6619258152         0.0000000000         0.0000000000
  12     2.100000        4   124975      -664.7703260652        -1.6619258152         0.0000000000         0.0000000000
  12     2.100000        8    62487      -664.7700601725        -1.6619251504         0.0000000000         0.0000000000
  12     2.100000       16    31243      -664.7698964568        -1.6619247411         0.0485774259         0.0001214436
  12     2.100000       32    15621      -664.7696810383        -1.6619242026         0.0489348910         0.0001223372
  12     2.100000       64     7810      -664.7696822983        -1.6619242057         0.0493373334         0.0001233433
  12     2.100000      128     3905      -664.7696822983        -1.6619242057         0.0493888614         0.0001234722
  12     2.100000      256     1952      -664.7697633837        -1.6619244085         0.0500378407         0.0001250946
  12     2.100000      512      976      -664.7697633837        -1.6619244085         0.0501821660         0.0001254554
  12     2.100000     1024      488      -664.7697633837        -1.6619244085         0.0505825999         0.0001264565
  12     2.100000     2048      244      -664.7697633837        -1.6619244085         0.0507170884         0.0001267927
  12     2.100000     4096      122      -664.7697633837        -1.6619244085         0.0507364671         0.0001268412
  12     2.100000     8192       61      -664.7697633837        -1.6619244085         0.0475546461         0.0001188866
  12     2.100000    16384       30      -664.7644490560        -1.6619111226         0.0460801472         0.0001152004
  12     2.100000    32768       15      -664.7644490560        -1.6619111226         0.0441691743         0.0001104229
  12     2.100000    65536        7      -664.7622331892        -1.6619055830         0.0517030528         0.0001292576
  12     2.100000   131072        3      -664.7317454020        -1.6618293635         0.0695177420         0.0001737944
  13     2.200000        1   499901      -619.1942444604        -1.5479856112         0.9058960348         0.0022647401
  13     2.200000        2   249950      -619.1941668334        -1.5479854171         0.0000000000         0.0000000000
  13     2.200000        4   124975      -619.1941668334        -1.5479854171         0.0000000000         0.0000000000
  13     2.200000        8    62487      -619.1940803687        -1.5479852009         0.0000000000         0.0000000000
  13     2.200000       16    31243      -619.1937994111        -1.5479844985         0.0717219161         0.0001793048
  13     2.200000       32    15621      -619.1930014084        -1.5479825035         0.0737939865         0.0001844850
  13     2.200000       64     7810      -619.1925776248        -1.5479814441         0.0749154707         0.0001872887
  13     2.200000      128     3905      -619.1925776248        -1.5479814441         0.0752432512         0.0001881081
  13     2.200000      256     1952      -619.1901095031        -1.5479752738         0.0753748888         0.0001884372
  13     2.200000      512      976      -619.1901095031        -1.5479752738         0.0741967599         0.0001854919
  13     2.200000     1024      488      -619.1901095031        -1.5479752738         0.0760543546         0.0001901359
  13     2.200000     2048      244      -619.1901095031        -1.5479752738         0.0738450083         0.0001846125
  13     2.200000     4096      122      -619.1901095031        -1.5479752738         0.0720631852         0.0001801580
  13     2.200000     8192       61      -619.1901095031        -1.5479752738         0.0643106045         0.0001607765
  13     2.200000    16384       30      -619.1817708333        -1.5479544271         0.0609426483         0.0001523566
  13     2.200000    32768       15      -619.1817708333        -1.5479544271         0.0538131764         0.0001345329
  13     2.200000    65536        7      -619.2158333915        -1.5480395835         0.0405193781         0.0001012984
  13     2.200000   131072        3      -619.2169698079        -1.5480424245         0.0280742387         0.0000701856
  14     2.300000        1   499901      -557.8837089744        -1.3947092724         1.0536027531         0.0026340069
  14     2.300000        2   249950      -557.8835567114        -1.3947088918         0.0000000000         0.0000000000
  14     2.300000        4   124975      -557.8835567113        -1.3947088918         0.0000000000         0.0000000000
  14     2.300000        8    62487      -557.8833237313        -1.3947083093         0.0000000000         0.0000000000
  14     2.300000       16    31243      -557.8842940819        -1.3947107352         0.0981191647         0.0002452979
  14     2.300000       32    15621      -557.8853466487        -1.3947133666         0.1027048858         0.0002567622
  14     2.300000       64     7810      -557.8850552177        -1.3947126380         0.1054770494         0.0002636926
  14     2.300000      128     3905      -557.8850552177        -1.3947126380         0.1072075875         0.0002680190
  14     2.300000      256     1952      -557.8834648758        -1.3947086622         0.1095221745         0.0002738054
  14     2.300000      512      976      -557.8834648758        -1.3947086622         0.1093797310         0.0002734493
  14     2.300000     1024      488      -557.8834648758        -1.3947086622         0.1115198015         0.0002787995
  14     2.300000     2048      244      -557.8834648758        -1.3947086622         0.1115780255         0.0002789451
  14     2.300000     4096      122      -557.8834648758        -1.3947086622         0.1129862680         0.0002824657
  14     2.300000     8192       61      -557.8834648758        -1.3947086622         0.1069558716         0.0002673897
  14     2.300000    16384       30      -557.8966389974        -1.3947415975         0.1094765369         0.0002736913
  14     2.300000    32768       15      -557.8966389974        -1.3947415975         0.1248119015         0.0003120298
  14     2.300000    65536        7      -557.9554094587        -1.3948885236         0.1263417345         0.0003158543
  14     2.300000   131072        3      -557.9894612630        -1.3949736532         0.1166194427         0.0002915486
  15     2.400000        1   499901      -494.5906969580        -1.2364767424         1.0110996550         0.0025277491
  15     2.400000        2   249950      -494.5906941388        -1.2364767353         0.0000000000         0.0000000000
  15     2.400000        4   124975      -494.5906941388        -1.2364767353         0.0000000000         0.0000000000
  15     2.400000        8    62487      -494.5908749020        -1.2364771873         0.0000000000         0.0000000000
  15     2.400000       16    31243      -494.5913604647        -1.2364784012         0.0883580988         0.0002208952
  15     2.400000       32    15621      -494.5919915498        -1.2364799789         0.0923187029         0.0002307968
  15     2.400000       64     7810      -494.5925816261        -1.2364814541         0.0939954820         0.0002349887
  15     2.400000      128     3905      -494.5925816261        -1.2364814541         0.0958162520         0.0002395406
  15     2.400000      256     1952      -494.5916647989        -1.2364791620         0.0966034147         0.0002415085
  15     2.400000      512      976      -494.5916647989        -1.2364791620         0.0942730921         0.0002356827
  15     2.400000     1024      488      -494.5916647989        -1.2364791620         0.0942634861         0.0002356587
  15     2.400000     2048      244      -494.5916647989        -1.2364791620         0.0959859250         0.0002399648
  15     2.400000     4096      122      -494.5916647989        -1.2364791620         0.0961985377         0.0002404963
  15     2.400000     8192       61      -494.5916647989        -1.2364791620         0.0912875272         0.0002282188
  15     2.400000    16384       30      -494.5880167643        -1.2364700419         0.0766888497         0.0001917221
  15     2.400000    32768       15      -494.5880167643        -1.2364700419         0.0945689329         0.0002364223
  15     2.400000    65536        7      -494.5629926409        -1.2364074816         0.1199453294         0.0002998633
  15     2.400000   131072        3      -494.5055389404        -1.2362638474         0.0406153033         0.0001015383
  16     2.500000        1   499901      -446.9519684898        -1.1173799212         0.8846723791         0.0022116809
  16     2.500000        2   249950      -446.9518463693        -1.1173796159         0.0000000000         0.0000000000
  16     2.500000        4   124975      -446.9518463693        -1.1173796159         0.0000000000         0.0000000000
  16     2.500000        8    62487      -446.9519500056        -1.1173798750         0.0000000000         0.0000000000
  16     2.500000       16    31243      -446.9520412572        -1.1173801031         0.0638446293         0.0001596116
  16     2.500000       32    15621      -446.9527198963        -1.1173817997         0.0651777502         0.0001629444
  16     2.500000       64     7810      -446.9519446223        -1.1173798616         0.0660416921         0.0001651042
  16     2.500000      128     3905      -446.9519446223        -1.1173798616         0.0659334789         0.0001648337
  16     2.500000      256     1952      -446.9512479188        -1.1173781198         0.0663573684         0.0001658934
  16     2.500000      512      976      -446.9512479188        -1.1173781198         0.0661013565         0.0001652534
  16     2.500000     1024      488      -446.9512479188        -1.1173781198         0.0667901001         0.0001669753
  16     2.500000     2048      244      -446.9512479188        -1.1173781198         0.0685287774         0.0001713219
  16     2.500000     4096      122      -446.9512479188        -1.1173781198         0.0604063242         0.0001510158
  16     2.500000     8192       61      -446.9512479188        -1.1173781198         0.0533457279         0.0001333643
  16     2.500000    16384       30      -446.9436523437        -1.1173591309         0.0546907673         0.0001367269
  16     2.500000    32768       15      -446.9436523437        -1.1173591309         0.0579762522         0.0001449406
  16     2.500000    65536        7      -446.9121224540        -1.1172803061         0.0645425346         0.0001613563
  16     2.500000   131072        3      -446.9102834066        -1.1172757085         0.0810267975         0.0002025670
  17     2.600000        1   499901      -412.7465558181        -1.0318663895         0.7988110855         0.0019970277
  17     2.600000        2   249950      -412.7465533107        -1.0318663833         0.0000000000         0.0000000000
  17     2.600000        4   124975      -412.7465533107        -1.0318663833         0.0000000000         0.0000000000
  17     2.600000        8    62487      -412.7464032519        -1.0318660081         0.0000000000         0.0000000000
  17     2.600000       16    31243      -412.7463591845        -1.0318658980         0.0513703911         0.0001284260
  17     2.600000       32    15621      -412.7463590679        -1.0318658977         0.0520030852         0.0001300077
  17     2.600000       64     7810      -412.7456746159        -1.0318641865         0.0525535022         0.0001313838
  17     2.600000      128     3905      -412.7456746159        -1.0318641865         0.0526435803         0.0001316090
  17     2.600000      256     1952      -412.7456574987        -1.0318641437         0.0517399738         0.0001293499
  17     2.600000      512      976      -412.7456574987        -1.0318641437         0.0521467946         0.0001303670
  17     2.600000     1024      488      -412.7456574987        -1.0318641437         0.0535014301         0.0001337536
  17     2.600000     2048      244      -412.7456574987        -1.0318641437         0.0544723934         0.0001361810
  17     2.600000     4096      122      -412.7456574987        -1.0318641437         0.0567914061         0.0001419785
  17     2.600000     8192       61      -412.7456574987        -1.0318641437         0.0548922272         0.0001372306
  17     2.600000    16384       30      -412.7384480794        -1.0318461202         0.0497193132         0.0001242983
  17     2.600000    32768       15      -412.7384480794        -1.0318461202         0.0513325596         0.0001283314
  17     2.600000    65536        7      -412.7378540039        -1.0318446350         0.0492901591         0.0001232254
  17     2.600000   131072        3      -412.7215067546        -1.0318037669         0.0157981024         0.0000394953
  18     2.700000        1   499901      -385.8476778402        -0.9646191946         0.7494462975         0.0018736157
  18     2.700000        2   249950      -385.8476695339        -0.9646191738         0.0000000000         0.0000000000
  18     2.700000        4   124975      -385.8476695339        -0.9646191738         0.0000000000         0.0000000000
  18     2.700000        8    62487      -385.8476523117        -0.9646191308         0.0000000000         0.0000000000
  18     2.700000       16    31243      -385.8473738117        -0.9646184345         0.0450473325         0.0001126183
  18     2.700000       32    15621      -385.8474129377        -0.9646185323         0.0451243446         0.0001128109
  18     2.700000       64     7810      -385.8466789373        -0.9646166973         0.0453732231         0.0001134331
  18     2.700000      128     3905      -385.8466789373        -0.9646166973         0.0454037957         0.0001135095
  18     2.700000      256     1952      -385.8465876345        -0.9646164691         0.0454446669         0.0001136117
  18     2.700000      512      976      -385.8465876345        -0.9646164691         0.0457889602         0.0001144724
  18     2.700000     1024      488      -385.8465876345        -0.9646164691         0.0450375419         0.0001125939
  18     2.700000     2048      244      -385.8465876345        -0.9646164691         0.0448806186         0.0001122015
  18     2.700000     4096      122      -385.8465876345        -0.9646164691         0.0453785829         0.0001134465
  18     2.700000     8192       61      -385.8465876345        -0.9646164691         0.0498222822         0.0001245557
  18     2.700000    16384       30      -385.8530558268        -0.9646326396         0.0422988012         0.0001057470
  18     2.700000    32768       15      -385.8530558268        -0.9646326396         0.0368533179         0.0000921333
  18     2.700000    65536        7      -385.8526611328        -0.9646316528         0.0462022704         0.0001155057
  18     2.700000   131072        3      -385.8164672852        -0.9645411682         0.0266750532         0.0000666876
  19     2.800000        1   499901      -363.3773727198        -0.9084434318         0.7170101499         0.0017925254
  19     2.800000        2   249950      -363.3773674735        -0.9084434187         0.0000000000         0.0000000000
  19     2.800000        4   124975      -363.3773674735        -0.9084434187         0.0000000000         0.0000000000
  19     2.800000        8    62487      -363.3773384864        -0.9084433462         0.0000000000         0.0000000000
  19     2.800000       16    31243      -363.3773685306        -0.9084434213         0.0417008108         0.0001042520
  19     2.800000       32    15621      -363.3773446002        -0.9084433615         0.0418515236         0.0001046288
  19     2.800000       64     7810      -363.3773287452        -0.9084433219         0.0419840516         0.0001049601
  19     2.800000      128     3905      -363.3773287452        -0.9084433219         0.0418681415         0.0001046704
  19     2.800000      256     1952      -363.3787141393        -0.9084467853         0.0422473175         0.0001056183
  19     2.800000      512      976      -363.3787141393        -0.9084467853         0.0415021365         0.0001037553
  19     2.800000     1024      488      -363.3787141393        -0.9084467853         0.0402148369         0.0001005371
  19     2.800000     2048      244      -363.3787141393        -0.9084467853         0.0396995256         0.0000992488
  19     2.800000     4096      122      -363.3787141393        -0.9084467853         0.0402250401         0.0001005626
  19     2.800000     8192       61      -363.3787141393        -0.9084467853         0.0394124227         0.0000985311
  19     2.800000    16384       30      -363.3779581706        -0.9084448954         0.0397923225         0.0000994808
  19     2.800000    32768       15      -363.3779581706        -0.9084448954         0.0438796837         0.0001096992
  19     2.800000    65536        7      -363.3579886300        -0.9083949716         0.0474909642         0.0001187274
  19     2.800000   131072        3      -363.3274230957        -0.9083185577         0.0429777828         0.0001074445
  20     2.900000        1   499901      -344.0133586450        -0.8600333966         0.6935728562         0.0017339321
  20     2.900000        2   249950      -344.0133146629        -0.8600332867         0.0000000000         0.0000000000
  20     2.900000        4   124975      -344.0133146629        -0.8600332867         0.0000000000         0.0000000000
  20     2.900000        8    62487      -344.0132667595        -0.8600331669         0.0000000000         0.0000000000
  20     2.900000       16    31243      -344.0131189386        -0.8600327973         0.0397115498         0.0000992789
  20     2.900000       32    15621      -344.0132393893        -0.8600330985         0.0398029591         0.0000995074
  20     2.900000       64     7810      -344.0133162612        -0.8600332907         0.0396091036         0.0000990228
  20     2.900000      128     3905      -344.0133162612        -0.8600332907         0.0394930254         0.0000987326
  20     2.900000      256     1952      -344.0131275615        -0.8600328189         0.0393472902         0.0000983682
  20     2.900000      512      976      -344.0131275615        -0.8600328189         0.0397323194         0.0000993308
  20     2.900000     1024      488      -344.0131275615        -0.8600328189         0.0407350014         0.0001018375
  20     2.900000     2048      244      -344.0131275615        -0.8600328189         0.0400298316         0.0001000746
  20     2.900000     4096      122      -344.0131275615        -0.8600328189         0.0402202962         0.0001005507
  20     2.900000     8192       61      -344.0131275615        -0.8600328189         0.0404668290         0.0001011671
  20     2.900000    16384       30      -344.0152384440        -0.8600380961         0.0390132831         0.0000975332
  20     2.900000    32768       15      -344.0152384440        -0.8600380961         0.0396560589         0.0000991401
  20     2.900000    65536        7      -344.0239998954        -0.8600599997         0.0308846154         0.0000772115
  20     2.900000   131072        3      -344.0285135905        -0.8600712840         0.0311600218         0.0000779001
  21     3.000000        1   499901      -326.8654633617        -0.8171636584         0.6743644111         0.0016859110
  21     3.000000        2   249950      -326.8655411082        -0.8171638528         0.0000000000         0.0000000000
  21     3.000000        4   124975      -326.8655411082        -0.8171638528         0.0000000000         0.0000000000
  21     3.000000        8    62487      -326.8656360523        -0.8171640901         0.0000000000         0.0000000000
  21     3.000000       16    31243      -326.8654658644        -0.8171636647         0.0386159510         0.0000965399
  21     3.000000       32    15621      -326.8656456053        -0.8171641140         0.0387469539         0.0000968674
  21     3.000000       64     7810      -326.8655129641        -0.8171637824         0.0385595320         0.0000963988
  21     3.000000      128     3905      -326.8655129641        -0.8171637824         0.0379434363         0.0000948586
  21     3.000000      256     1952      -326.8658467277        -0.8171646168         0.0380556950         0.0000951392
  21     3.000000      512      976      -326.8658467277        -0.8171646168         0.0377548569         0.0000943871
  21     3.000000     1024      488      -326.8658467277        -0.8171646168         0.0380161959         0.0000950405
  21     3.000000     2048      244      -326.8658467277        -0.8171646168         0.0369216045         0.0000923040
  21     3.000000     4096      122      -326.8658467277        -0.8171646168         0.0329096930         0.0000822742
  21     3.000000     8192       61      -326.8658467277        -0.8171646168         0.0356446458         0.0000891116
  21     3.000000    16384       30      -326.8625732422        -0.8171564331         0.0379104662         0.0000947762
  21     3.000000    32768       15      -326.8625732422        -0.8171564331         0.0297997508         0.0000744994
  21     3.000000    65536        7      -326.8705487932        -0.8171763720         0.0368053725         0.0000920134
  21     3.000000   131072        3      -326.8472086589        -0.8171180216         0.0148932252         0.0000372331
