# lag rho tau_int_running
       0       1.0000000000       0.5000000000
       1       0.8614513755       1.3614513755
       2       0.8533910118       2.2148423873
       3       0.8425158971       3.0573582844
       4       0.8386180850       3.8959763694
       5       0.8375171549       4.7334935243
       6       0.8349905245       5.5684840488
       7       0.8318003681       6.4002844168
       8       0.8271332001       7.2274176169
       9       0.8269071661       8.0543247830
      10       0.8232031572       8.8775279402
      11       0.8227346695       9.7002626097
      12       0.8187816591      10.5190442688
      13       0.8146520795      11.3336963483
      14       0.8105281693      12.1442245177
      15       0.8124057766      12.9566302943
      16       0.8048141631      13.7614444574
      17       0.8065465121      14.5679909695
      18       0.8008627289      15.3688536984
      19       0.7980226248      16.1668763231
      20       0.7961090072      16.9629853304
      21       0.7929104789      17.7558958093
      22       0.7900892399      18.5459850492
      23       0.7877376050      19.3337226542
      24       0.7852603493      20.1189830034
      25       0.7852805057      20.9042635091
      26       0.7822782719      21.6865417810
      27       0.7832681463      22.4698099273
      28       0.7773155052      23.2471254325
      29       0.7780980645      24.0252234970
      30       0.7724546398      24.7976781368
      31       0.7706426483      25.5683207850
      32       0.7671416603      26.3354624453
      33       0.7653275721      27.1007900174
      34       0.7632325045      27.8640225219
      35       0.7600061466      28.6240286685
      36       0.7585880687      29.3826167372
      37       0.7569166254      30.1395333626
      38       0.7532263247      30.8927596874
      39       0.7520949146      31.6448546019
      40       0.7509529733      32.3958075753
      41       0.7487063210      33.1445138962
      42       0.7450161428      33.8895300391
      43       0.7433110353      34.6328410744
      44       0.7397635340      35.3726046084
      45       0.7393220533      36.1119266617
      46       0.7343591637      36.8462858255
      47       0.7323442600      37.5786300854
      48       0.7325196728      38.3111497583
      49       0.7283588972      39.0395086554
      50       0.7269231649      39.7664318204
      51       0.7228707393      40.4893025597
      52       0.7213414568      41.2106440165
      53       0.7203009071      41.9309449236
      54       0.7190279396      42.6499728632
      55       0.7164671608      43.3664400240
      56       0.7147587178      44.0811987418
      57       0.7106570607      44.7918558026
      58       0.7093199560      45.5011757586
      59       0.7076157077      46.2087914663
      60       0.7075903834      46.9163818496
      61       0.7033383770      47.6197202267
      62       0.6994936186      48.3192138453
      63       0.6963427747      49.0155566200
      64       0.6947825122      49.7103391322
      65       0.6945144530      50.4048535851
      66       0.6912354076      51.0960889928
      67       0.6924680854      51.7885570781
      68       0.6897362005      52.4782932787
      69       0.6855511992      53.1638444779
      70       0.6847274051      53.8485718830
      71       0.6787005023      54.5272723852
      72       0.6772282008      55.2045005860
      73       0.6798264578      55.8843270438
      74       0.6779403403      56.5622673841
      75       0.6759067279      57.2381741120
      76       0.6701985564      57.9083726684
      77       0.6711254572      58.5794981257
      78       0.6709446414      59.2504427671
      79       0.6684148136      59.9188575807
      80       0.6661695009      60.5850270816
      81       0.6633490177      61.2483760993
      82       0.6595177522      61.9078938515
      83       0.6611549448      62.5690487963
      84       0.6601889929      63.2292377892
      85       0.6553925212      63.8846303104
      86       0.6552212625      64.5398515729
      87       0.6538760219      65.1937275948
      88       0.6510479341      65.8447755289
      89       0.6480625916      66.4928381205
      90       0.6466890183      67.1395271389
      91       0.6454662234      67.7849933623
      92       0.6453278837      68.4303212460
      93       0.6432795290      69.0736007750
      94       0.6438065094      69.7174072844
      95       0.6385017705      70.3559090549
      96       0.6373220387      70.9932310935
      97       0.6356681173      71.6288992108
      98       0.6341034857      72.2630026965
      99       0.6346693050      72.8976720015
     100       0.6336701135      73.5313421151
     101       0.6315497410      74.1628918561
     102       0.6326401884      74.7955320445
     103       0.6289023219      75.4244343663
     104       0.6292776924      76.0537120587
     105       0.6244692078      76.6781812665
     106       0.6221180264      77.3002992929
     107       0.6206585266      77.9209578195
     108       0.6210599308      78.5420177503
     109       0.6186230491      79.1606407994
     110       0.6188678219      79.7795086213
     111       0.6192316624      80.3987402837
     112       0.6138320212      81.0125723050
     113       0.6150300420      81.6276023470
     114       0.6125228486      82.2401251956
     115       0.6089827349      82.8491079305
     116       0.6111822933      83.4602902238
     117       0.6108446453      84.0711348690
     118       0.6082061223      84.6793409913
     119       0.6065790168      85.2859200082
     120       0.6031328720      85.8890528802
     121       0.6015525577      86.4906054379
     122       0.5981812402      87.0887866782
     123       0.5990852479      87.6878719261
     124       0.5945906190      88.2824625451
     125       0.5908114955      88.8732740406
     126       0.5937970203      89.4670710609
     127       0.5915670678      90.0586381287
     128       0.5897192180      90.6483573467
     129       0.5867555610      91.2351129077
     130       0.5848994686      91.8200123763
     131       0.5827617014      92.4027740777
     132       0.5821025567      92.9848766344
     133       0.5821143613      93.5669909956
     134       0.5812071290      94.1481981246
     135       0.5781212294      94.7263193540
     136       0.5772200923      95.3035394463
     137       0.5747175588      95.8782570051
     138       0.5731621014      96.4514191065
     139       0.5725756313      97.0239947378
     140       0.5713467384      97.5953414762
     141       0.5699976767      98.1653391529
     142       0.5702400915      98.7355792444
     143       0.5683320005      99.3039112449
     144       0.5670040985      99.8709153433
     145       0.5652197927     100.4361351360
     146       0.5657222066     101.0018573426
     147       0.5638934803     101.5657508229
     148       0.5640416750     102.1297924979
     149       0.5627672882     102.6925597861
     150       0.5623701776     103.2549299638
     151       0.5623334354     103.8172633992
     152       0.5561094152     104.3733728144
     153       0.5564835000     104.9298563144
     154       0.5583192303     105.4881755446
     155       0.5552380233     106.0434135680
     156       0.5553125927     106.5987261607
     157       0.5545235225     107.1532496832
     158       0.5543795257     107.7076292089
     159       0.5510923722     108.2587215811
     160       0.5514656730     108.8101872541
     161       0.5514273800     109.3616146341
     162       0.5497466933     109.9113613274
     163       0.5481913392     110.4595526666
     164       0.5462134674     111.0057661340
     165       0.5464381359     111.5522042700
     166       0.5462509711     112.0984552411
     167       0.5449411591     112.6433964002
     168       0.5442165083     113.1876129085
     169       0.5429242071     113.7305371156
     170       0.5443496345     114.2748867500
     171       0.5410429224     114.8159296725
     172       0.5414402195     115.3573698919
     173       0.5393198973     115.8966897892
     174       0.5349567365     116.4316465257
     175       0.5407210913     116.9723676170
     176       0.5347341077     117.5071017247
     177       0.5369485631     118.0440502878
     178       0.5334423080     118.5774925958
     179       0.5341845382     119.1116771340
     180       0.5313021458     119.6429792799
     181       0.5311045165     120.1740837964
     182       0.5323821701     120.7064659665
     183       0.5287565079     121.2352224745
     184       0.5251525062     121.7603749807
     185       0.5263999850     122.2867749657
     186       0.5245631545     122.8113381203
     187       0.5257343177     123.3370724380
     188       0.5235177871     123.8605902251
     189       0.5245685485     124.3851587736
     190       0.5242467682     124.9094055418
     191       0.5255563902     125.4349619320
     192       0.5227254042     125.9576873361
     193       0.5236521083     126.4813394445
     194       0.5200824102     127.0014218546
     195       0.5207672762     127.5221891308
     196       0.5178826619     128.0400717927
     197       0.5202617986     128.5603335913
     198       0.5195161927     129.0798497840
     199       0.5187923258     129.5986421098
     200       0.5140595642     130.1127016740
