# lag rho tau_int_running
       0       1.0000000000       0.5000000000
       1       0.8135463419       1.3135463419
       2       0.7972279218       2.1107742637
       3       0.7883210834       2.8990953472
       4       0.7769807293       3.6760760765
       5       0.7690271516       4.4451032281
       6       0.7620568308       5.2071600588
       7       0.7575530214       5.9647130803
       8       0.7548761288       6.7195892091
       9       0.7530391493       7.4726283584
      10       0.7475638768       8.2201922352
      11       0.7475483415       8.9677405767
      12       0.7454784245       9.7132190012
      13       0.7397438109      10.4529628121
      14       0.7400281699      11.1929909820
      15       0.7358552172      11.9288461992
      16       0.7313306160      12.6601768151
      17       0.7314038188      13.3915806340
      18       0.7279751941      14.1195558281
      19       0.7276330060      14.8471888341
      20       0.7271741057      15.5743629398
      21       0.7232598571      16.2976227968
      22       0.7236074663      17.0212302632
      23       0.7193128431      17.7405431063
      24       0.7201721447      18.4607152509
      25       0.7190474994      19.1797627504
      26       0.7128470508      19.8926098012
      27       0.7177683924      20.6103781936
      28       0.7194859826      21.3298641762
      29       0.7157181529      22.0455823291
      30       0.7103965058      22.7559788348
      31       0.7098604342      23.4658392690
      32       0.7124796705      24.1783189395
      33       0.7081688971      24.8864878365
      34       0.7079468812      25.5944347178
      35       0.7063944109      26.3008291287
      36       0.7034906384      27.0043197671
      37       0.6999776770      27.7042974441
      38       0.7032017790      28.4074992230
      39       0.7019262723      29.1094254954
      40       0.7007713012      29.8101967966
      41       0.6995284272      30.5097252238
      42       0.6971502824      31.2068755062
      43       0.6963525635      31.9032280697
      44       0.6930683378      32.5962964075
      45       0.6938956122      33.2901920197
      46       0.6918707069      33.9820627266
      47       0.6923558827      34.6744186093
      48       0.6919340544      35.3663526637
      49       0.6884156800      36.0547683437
      50       0.6893833123      36.7441516560
      51       0.6865807096      37.4307323657
      52       0.6827491552      38.1134815209
      53       0.6821213417      38.7956028626
      54       0.6799887681      39.4755916307
      55       0.6837568263      40.1593484569
      56       0.6782326747      40.8375811316
      57       0.6752867662      41.5128678978
      58       0.6727877017      42.1856555995
      59       0.6701939478      42.8558495473
      60       0.6702944822      43.5261440295
      61       0.6714492674      44.1975932969
      62       0.6684040528      44.8659973497
      63       0.6697624533      45.5357598030
      64       0.6676499215      46.2034097245
      65       0.6676677472      46.8710774718
      66       0.6691578309      47.5402353027
      67       0.6673561764      48.2075914790
      68       0.6675331929      48.8751246719
      69       0.6702312010      49.5453558728
      70       0.6675375874      50.2128934603
      71       0.6664898605      50.8793833208
      72       0.6662300513      51.5456133720
      73       0.6688879528      52.2145013248
      74       0.6635946656      52.8780959904
      75       0.6609909101      53.5390869005
      76       0.6580234466      54.1971103471
      77       0.6573779196      54.8544882667
      78       0.6543987358      55.5088870025
      79       0.6561231576      56.1650101602
      80       0.6490429797      56.8140531399
      81       0.6540046991      57.4680578390
      82       0.6532244261      58.1212822651
      83       0.6534902931      58.7747725582
      84       0.6522529244      59.4270254826
      85       0.6543108635      60.0813363461
      86       0.6516660982      60.7330024443
      87       0.6481629694      61.3811654137
      88       0.6474432986      62.0286087123
      89       0.6462340402      62.6748427525
      90       0.6478704488      63.3227132013
      91       0.6461836803      63.9688968816
      92       0.6443212949      64.6132181765
      93       0.6463051667      65.2595233431
      94       0.6421154053      65.9016387484
      95       0.6429304431      66.5445691915
      96       0.6397445626      67.1843137541
      97       0.6350904473      67.8194042014
      98       0.6366780593      68.4560822607
      99       0.6332740113      69.0893562720
     100       0.6324216273      69.7217778993
     101       0.6378552703      70.3596331695
     102       0.6330540505      70.9926872201
     103       0.6320651323      71.6247523523
     104       0.6297304347      72.2544827871
     105       0.6350395236      72.8895223107
     106       0.6349330068      73.5244553175
     107       0.6290346394      74.1534899569
     108       0.6324435564      74.7859335134
     109       0.6350910279      75.4210245413
     110       0.6318223241      76.0528468654
     111       0.6310208439      76.6838677093
     112       0.6269180640      77.3107857734
     113       0.6263779279      77.9371637013
     114       0.6253116689      78.5624753702
     115       0.6240228816      79.1864982517
     116       0.6223559316      79.8088541834
     117       0.6240518177      80.4329060011
     118       0.6195850286      81.0524910296
     119       0.6216265859      81.6741176156
     120       0.6215543934      82.2956720090
     121       0.6178662571      82.9135382661
     122       0.6137830261      83.5273212921
     123       0.6174873046      84.1448085967
     124       0.6172692857      84.7620778824
     125       0.6165786539      85.3786565363
     126       0.6170944757      85.9957510120
     127       0.6108025495      86.6065535615
     128       0.6136956739      87.2202492354
     129       0.6086999942      87.8289492296
     130       0.6097057304      88.4386549600
     131       0.6077639689      89.0464189289
     132       0.6114941311      89.6579130600
     133       0.6086200345      90.2665330945
     134       0.6077454993      90.8742785937
     135       0.6029989322      91.4772775259
     136       0.6002042367      92.0774817626
     137       0.6020842773      92.6795660399
     138       0.5965826185      93.2761486584
     139       0.5953787941      93.8715274525
     140       0.5928621153      94.4643895678
     141       0.5926667993      95.0570563671
     142       0.5946026202      95.6516589873
     143       0.5921308689      96.2437898562
     144       0.5865918818      96.8303817381
     145       0.5875954066      97.4179771447
     146       0.5858389452      98.0038160899
     147       0.5773195528      98.5811356427
     148       0.5823894804      99.1635251231
     149       0.5810386992      99.7445638223
     150       0.5801820958     100.3247459181
     151       0.5832729114     100.9080188295
     152       0.5807622964     101.4887811260
     153       0.5769048189     102.0656859449
     154       0.5765578597     102.6422438046
     155       0.5785296019     103.2207734065
     156       0.5762885049     103.7970619114
     157       0.5774592965     104.3745212079
     158       0.5765479164     104.9510691243
     159       0.5720818593     105.5231509836
     160       0.5764628297     106.0996138133
     161       0.5716438355     106.6712576487
     162       0.5680762732     107.2393339219
     163       0.5701740152     107.8095079371
     164       0.5682680852     108.3777760223
     165       0.5673580790     108.9451341013
     166       0.5663526764     109.5114867778
     167       0.5640017731     110.0754885509
     168       0.5597642082     110.6352527591
     169       0.5622635282     111.1975162873
     170       0.5606285077     111.7581447950
     171       0.5579315874     112.3160763824
     172       0.5547884172     112.8708647996
     173       0.5544617327     113.4253265323
     174       0.5544899477     113.9798164799
     175       0.5528439431     114.5326604230
     176       0.5522997004     115.0849601234
     177       0.5498847349     115.6348448583
     178       0.5497752013     116.1846200596
     179       0.5496325432     116.7342526028
     180       0.5466035346     117.2808561373
     181       0.5500590510     117.8309151883
     182       0.5471218574     118.3780370458
     183       0.5453813473     118.9234183931
     184       0.5453335393     119.4687519324
     185       0.5460700940     120.0148220264
     186       0.5452067853     120.5600288118
     187       0.5423165418     121.1023453536
     188       0.5440012251     121.6463465787
     189       0.5454148012     122.1917613800
     190       0.5456083021     122.7373696821
     191       0.5477908363     123.2851605184
     192       0.5432751651     123.8284356834
     193       0.5464209629     124.3748566464
     194       0.5457523931     124.9206090395
     195       0.5415497977     125.4621588372
     196       0.5451733517     126.0073321889
     197       0.5452076131     126.5525398020
     198       0.5398936371     127.0924334391
     199       0.5398803388     127.6323137778
     200       0.5360165352     128.1683303131
