# lag rho tau_int_running
       0       1.0000000000       0.5000000000
       1       0.9414768013       1.4414768013
       2       0.9371963539       2.3786731551
       3       0.9344285610       3.3131017161
       4       0.9308383619       4.2439400780
       5       0.9278526998       5.1717927778
       6       0.9253938124       6.0971865903
       7       0.9229972243       7.0201838146
       8       0.9211062255       7.9412900401
       9       0.9194939475       8.8607839876
      10       0.9190264197       9.7798104072
      11       0.9165407968      10.6963512040
      12       0.9159975067      11.6123487107
      13       0.9151344009      12.5274831115
      14       0.9137560818      13.4412391934
      15       0.9122953910      14.3535345844
      16       0.9117584282      15.2652930126
      17       0.9109271569      16.1762201695
      18       0.9097033725      17.0859235420
      19       0.9100189783      17.9959425203
      20       0.9089690718      18.9049115920
      21       0.9084697404      19.8133813324
      22       0.9091699381      20.7225512705
      23       0.9077646838      21.6303159543
      24       0.9065289311      22.5368448854
      25       0.9051416964      23.4419865819
      26       0.9057093338      24.3476959157
      27       0.9035674144      25.2512633301
      28       0.9039890280      26.1552523581
      29       0.9012817981      27.0565341562
      30       0.9011503052      27.9576844614
      31       0.9006096473      28.8582941087
      32       0.8996787524      29.7579728610
      33       0.8987361557      30.6567090167
      34       0.8982402973      31.5549493140
      35       0.8977168612      32.4526661752
      36       0.8960133900      33.3486795652
      37       0.8954869450      34.2441665101
      38       0.8958020177      35.1399685279
      39       0.8963433235      36.0363118514
      40       0.8961919904      36.9325038418
      41       0.8948481981      37.8273520399
      42       0.8948763548      38.7222283947
      43       0.8932562912      39.6154846859
      44       0.8921187723      40.5076034582
      45       0.8932983546      41.4009018128
      46       0.8915329922      42.2924348050
      47       0.8929167508      43.1853515557
      48       0.8918334763      44.0771850320
      49       0.8917163557      44.9689013877
      50       0.8910340203      45.8599354080
      51       0.8895575275      46.7494929355
      52       0.8895617241      47.6390546596
      53       0.8903514565      48.5294061160
      54       0.8885231752      49.4179292912
      55       0.8886099315      50.3065392227
      56       0.8892542994      51.1957935221
      57       0.8885221489      52.0843156709
      58       0.8874291665      52.9717448374
      59       0.8889058834      53.8606507208
      60       0.8872133577      54.7478640785
      61       0.8862440273      55.6341081058
      62       0.8850806795      56.5191887854
      63       0.8839892235      57.4031780089
      64       0.8837279635      58.2869059723
      65       0.8831600400      59.1700660124
      66       0.8827848093      60.0528508217
      67       0.8829881910      60.9358390127
      68       0.8825592334      61.8183982461
      69       0.8819859688      62.7003842149
      70       0.8808510176      63.5812352325
      71       0.8819632681      64.4631985006
      72       0.8822454248      65.3454439254
      73       0.8811203589      66.2265642843
      74       0.8803050008      67.1068692851
      75       0.8797515089      67.9866207940
      76       0.8805215318      68.8671423258
      77       0.8795699591      69.7467122849
      78       0.8782248070      70.6249370919
      79       0.8782172526      71.5031543445
      80       0.8788522217      72.3820065661
      81       0.8790036240      73.2610101901
      82       0.8773257297      74.1383359198
      83       0.8767767298      75.0151126496
      84       0.8765013711      75.8916140207
      85       0.8761634112      76.7677774319
      86       0.8762956448      77.6440730767
      87       0.8755713117      78.5196443884
      88       0.8757814738      79.3954258622
      89       0.8757071854      80.2711330476
      90       0.8763744097      81.1475074573
      91       0.8746497644      82.0221572217
      92       0.8741279880      82.8962852096
      93       0.8742575609      83.7705427705
      94       0.8729538162      84.6434965867
      95       0.8728526492      85.5163492359
      96       0.8721983424      86.3885475782
      97       0.8712495193      87.2597970975
      98       0.8710807781      88.1308778756
      99       0.8712915513      89.0021694269
     100       0.8709285703      89.8730979972
     101       0.8706777961      90.7437757933
     102       0.8690318753      91.6128076686
     103       0.8683822632      92.4811899318
     104       0.8685858380      93.3497757698
     105       0.8684555324      94.2182313022
     106       0.8663585699      95.0845898721
     107       0.8665168205      95.9511066926
     108       0.8656245201      96.8167312127
     109       0.8652839272      97.6820151399
     110       0.8645087196      98.5465238595
     111       0.8644396251      99.4109634846
     112       0.8625201144     100.2734835990
     113       0.8613014925     101.1347850915
     114       0.8613268458     101.9961119373
     115       0.8610224871     102.8571344244
     116       0.8605521974     103.7176866218
     117       0.8603295145     104.5780161363
     118       0.8604134667     105.4384296030
     119       0.8580523179     106.2964819209
     120       0.8575272920     107.1540092129
     121       0.8573485969     108.0113578098
     122       0.8554976160     108.8668554258
     123       0.8558828785     109.7227383043
     124       0.8555882406     110.5783265450
     125       0.8534039111     111.4317304560
     126       0.8522895597     112.2840200157
     127       0.8525648104     113.1365848261
     128       0.8511942024     113.9877790285
     129       0.8519887771     114.8397678056
     130       0.8520874205     115.6918552260
     131       0.8506963340     116.5425515600
     132       0.8496952409     117.3922468009
     133       0.8500280432     118.2422748441
     134       0.8484798790     119.0907547230
     135       0.8480538511     119.9388085741
     136       0.8466605494     120.7854691236
     137       0.8476613161     121.6331304396
     138       0.8463181362     122.4794485758
     139       0.8466471082     123.3260956840
     140       0.8453278717     124.1714235557
     141       0.8447890060     125.0162125617
     142       0.8441581828     125.8603707445
     143       0.8433082063     126.7036789508
     144       0.8435918364     127.5472707872
     145       0.8426521965     128.3899229837
     146       0.8426689505     129.2325919342
     147       0.8420272282     130.0746191624
     148       0.8415137733     130.9161329357
     149       0.8419015826     131.7580345183
     150       0.8411505903     132.5991851086
     151       0.8421355935     133.4413207021
     152       0.8403513098     134.2816720119
     153       0.8404245033     135.1220965152
     154       0.8404706462     135.9625671614
     155       0.8401623980     136.8027295594
     156       0.8392615511     137.6419911105
     157       0.8392378750     138.4812289855
     158       0.8390103696     139.3202393552
     159       0.8399656571     140.1602050123
     160       0.8402963869     141.0005013992
     161       0.8406303477     141.8411317469
     162       0.8405325756     142.6816643225
     163       0.8396558595     143.5213201820
     164       0.8375631213     144.3588833033
     165       0.8385459401     145.1974292434
     166       0.8376344032     146.0350636466
     167       0.8370185628     146.8720822094
     168       0.8362228336     147.7083050430
     169       0.8351998153     148.5435048583
     170       0.8359205690     149.3794254272
     171       0.8348952497     150.2143206769
     172       0.8348686153     151.0491892922
     173       0.8348018058     151.8839910980
     174       0.8345951635     152.7185862615
     175       0.8332264781     153.5518127396
     176       0.8327885488     154.3846012884
     177       0.8323748493     155.2169761377
     178       0.8314322556     156.0484083933
     179       0.8316204777     156.8800288709
     180       0.8314940212     157.7115228921
     181       0.8314117499     158.5429346420
     182       0.8307188543     159.3736534963
     183       0.8308153276     160.2044688239
     184       0.8305030920     161.0349719159
     185       0.8302054747     161.8651773906
     186       0.8300488022     162.6952261928
     187       0.8300887485     163.5253149414
     188       0.8293811156     164.3546960570
     189       0.8299049656     165.1846010226
     190       0.8276660907     166.0122671133
     191       0.8283294831     166.8405965965
     192       0.8281420311     167.6687386276
     193       0.8286904185     168.4974290461
     194       0.8280987295     169.3255277756
     195       0.8283276867     170.1538554623
     196       0.8269707569     170.9808262192
     197       0.8267601069     171.8075863261
     198       0.8264236570     172.6340099831
     199       0.8262131196     173.4602231027
     200       0.8272743610     174.2874974637
