# lag rho tau_int_running
       0       1.0000000000       0.5000000000
       1       0.6309131331       1.1309131331
       2       0.2616476057       1.3925607388
       3       0.2370967754       1.6296575142
       4       0.2127578258       1.8424153399
       5       0.2042048132       2.0466201531
       6       0.1956152668       2.2422354200
       7       0.1925891544       2.4348245743
       8       0.1895712687       2.6243958430
       9       0.1892600722       2.8136559152
      10       0.1890145048       3.0026704200
      11       0.1886074963       3.1912779163
      12       0.1882176848       3.3794956011
      13       0.1834935189       3.5629891200
      14       0.1787296729       3.7417187929
      15       0.1781386432       3.9198574361
      16       0.1775307163       4.0973881524
      17       0.1778150904       4.2752032429
      18       0.1781188066       4.4533220495
      19       0.1804010388       4.6337230883
      20       0.1826738277       4.8163969160
      21       0.1803461210       4.9967430370
      22       0.1779671512       5.1747101881
      23       0.1761195464       5.3508297345
      24       0.1743456295       5.5251753640
      25       0.1782379584       5.7034133225
      26       0.1821140306       5.8855273530
      27       0.1758343300       6.0613616830
      28       0.1695832182       6.2309449012
      29       0.1672128271       6.3981577283
      30       0.1648477252       6.5630054535
      31       0.1682841539       6.7312896074
      32       0.1717019760       6.9029915834
      33       0.1686861957       7.0716777791
      34       0.1656364958       7.2373142749
      35       0.1617154951       7.3990297700
      36       0.1578154178       7.5568451877
      37       0.1617742040       7.7186193918
      38       0.1657061520       7.8843255438
      39       0.1661338028       8.0504593466
      40       0.1666242010       8.2170835476
      41       0.1638748499       8.3809583975
      42       0.1610484572       8.5420068547
      43       0.1617294974       8.7037363521
      44       0.1624240565       8.8661604086
      45       0.1646482157       9.0308086243
      46       0.1668501056       9.1976587300
      47       0.1604066702       9.3580654001
      48       0.1539941718       9.5120595720
      49       0.1556573372       9.6677169092
      50       0.1572976720       9.8250145812
      51       0.1616793324       9.9866939136
      52       0.1660601100      10.1527540236
      53       0.1614416380      10.3141956616
      54       0.1568635105      10.4710591722
      55       0.1616443675      10.6327035396
      56       0.1665025465      10.7992060861
      57       0.1615272982      10.9607333843
      58       0.1564514085      11.1171847928
      59       0.1552928238      11.2724776166
      60       0.1542108868      11.4266885034
      61       0.1528188208      11.5795073241
      62       0.1513687069      11.7308760311
      63       0.1526223478      11.8834983789
      64       0.1538767939      12.0373751728
      65       0.1536708316      12.1910460044
      66       0.1534609270      12.3445069314
      67       0.1510235717      12.4955305031
      68       0.1485975763      12.6441280794
      69       0.1498825717      12.7940106511
      70       0.1511555403      12.9451661914
      71       0.1519735206      13.0971397120
      72       0.1528548052      13.2499945172
      73       0.1499439941      13.3999385113
      74       0.1469754013      13.5469139126
      75       0.1473638764      13.6942777890
      76       0.1477652508      13.8420430398
      77       0.1499910623      13.9920341021
      78       0.1522582344      14.1442923365
      79       0.1519068416      14.2961991782
      80       0.1514568401      14.4476560183
      81       0.1529868596      14.6006428779
      82       0.1545749734      14.7552178512
      83       0.1526143498      14.9078322011
      84       0.1506387153      15.0584709164
      85       0.1471385286      15.2056094450
      86       0.1436213943      15.3492308393
      87       0.1451770754      15.4944079147
      88       0.1468542530      15.6412621677
      89       0.1478039562      15.7890661239
      90       0.1486453697      15.9377114936
      91       0.1473475652      16.0850590588
      92       0.1460137952      16.2310728539
      93       0.1469449273      16.3780177812
      94       0.1479005909      16.5259183721
      95       0.1439674689      16.6698858410
      96       0.1400382890      16.8099241300
      97       0.1391306209      16.9490547508
      98       0.1381650322      17.0872197830
      99       0.1408134313      17.2280332143
     100       0.1434822737      17.3715154880
     101       0.1421396959      17.5136551839
     102       0.1408798902      17.6545350741
     103       0.1406475615      17.7951826356
     104       0.1403634863      17.9355461219
     105       0.1420910053      18.0776371271
     106       0.1437901390      18.2214272662
     107       0.1408248906      18.3622521568
     108       0.1379246289      18.5001767856
     109       0.1384134183      18.6385902039
     110       0.1388569543      18.7774471582
     111       0.1406342843      18.9180814424
     112       0.1424551127      19.0605365551
     113       0.1411703120      19.2017068671
     114       0.1398557288      19.3415625959
     115       0.1408425969      19.4824051928
     116       0.1418182924      19.6242234852
     117       0.1447080322      19.7689315174
     118       0.1476436154      19.9165751328
     119       0.1454709971      20.0620461299
     120       0.1432796810      20.2053258108
     121       0.1442569899      20.3495828007
     122       0.1452359471      20.4948187478
     123       0.1452846710      20.6401034188
     124       0.1453355339      20.7854389527
     125       0.1424699420      20.9279088947
     126       0.1396102015      21.0675190963
     127       0.1379606377      21.2054797339
     128       0.1362845127      21.3417642467
     129       0.1423515958      21.4841158425
     130       0.1484557261      21.6325715687
     131       0.1437260288      21.7762975975
     132       0.1390252391      21.9153228366
     133       0.1421286229      22.0574514595
     134       0.1451735200      22.2026249795
     135       0.1439236018      22.3465485813
     136       0.1426707582      22.4892193395
     137       0.1439971578      22.6332164973
     138       0.1453179311      22.7785344283
     139       0.1401322517      22.9186666800
     140       0.1350376674      23.0537043475
     141       0.1374634894      23.1911678369
     142       0.1398270950      23.3309949319
     143       0.1364838645      23.4674787964
     144       0.1331504055      23.6006292019
     145       0.1336769630      23.7343061649
     146       0.1341702787      23.8684764436
     147       0.1337702190      24.0022466627
     148       0.1333749335      24.1356215962
     149       0.1382425913      24.2738641875
     150       0.1430805482      24.4169447357
     151       0.1391234480      24.5560681837
     152       0.1352174121      24.6912855958
     153       0.1346461785      24.8259317743
     154       0.1340997923      24.9600315666
     155       0.1374181403      25.0974497070
     156       0.1407098742      25.2381595812
     157       0.1374396464      25.3755992276
     158       0.1342023699      25.5098015974
     159       0.1336922071      25.6434938045
     160       0.1331716685      25.7766654731
     161       0.1364362772      25.9131017503
     162       0.1396684868      26.0527702371
     163       0.1374315116      26.1902017487
     164       0.1351603916      26.3253621403
     165       0.1338446720      26.4592068123
     166       0.1325640975      26.5917709098
     167       0.1339276545      26.7256985643
     168       0.1352769050      26.8609754693
     169       0.1345503423      26.9955258116
     170       0.1338302948      27.1293561064
     171       0.1362623258      27.2656184323
     172       0.1387384186      27.4043568508
     173       0.1354346865      27.5397915374
     174       0.1320954736      27.6718870110
     175       0.1282195987      27.8001066097
     176       0.1243525717      27.9244591814
     177       0.1286823410      28.0531415225
     178       0.1330390698      28.1861805923
     179       0.1326978801      28.3188784724
     180       0.1323009067      28.4511793790
     181       0.1328103825      28.5839897616
     182       0.1333451204      28.7173348820
     183       0.1336955152      28.8510303972
     184       0.1340443937      28.9850747909
     185       0.1290288813      29.1141036722
     186       0.1240666566      29.2381703289
     187       0.1263654577      29.3645357866
     188       0.1286603048      29.4931960914
     189       0.1241676606      29.6173637520
     190       0.1196674770      29.7370312290
     191       0.1222244315      29.8592556605
     192       0.1247219956      29.9839776562
     193       0.1263009673      30.1102786234
     194       0.1278956540      30.2381742774
     195       0.1246136453      30.3627879227
     196       0.1213111523      30.4840990750
     197       0.1265668601      30.6106659351
     198       0.1318135709      30.7424795059
     199       0.1270087839      30.8694882899
     200       0.1222302117      30.9917185016
