# lag rho tau_int_running
       0       1.0000000000       0.5000000000
       1       0.6200716995       1.1200716995
       2       0.2399024407       1.3599741403
       3       0.2082643708       1.5682385110
       4       0.1768529949       1.7450915060
       5       0.1653158828       1.9104073888
       6       0.1538115959       2.0642189847
       7       0.1449374832       2.2091564679
       8       0.1360786726       2.3452351405
       9       0.1276926899       2.4729278304
      10       0.1193312085       2.5922590388
      11       0.1173634473       2.7096224862
      12       0.1153619007       2.8249843869
      13       0.1099907026       2.9349750895
      14       0.1046327939       3.0396078833
      15       0.1011174584       3.1407253418
      16       0.0975628058       3.2382881476
      17       0.0935309367       3.3318190843
      18       0.0895186375       3.4213377218
      19       0.0916719274       3.5130096491
      20       0.0938691129       3.6068787621
      21       0.0919179046       3.6987966667
      22       0.0899339829       3.7887306496
      23       0.0859214404       3.8746520901
      24       0.0819173596       3.9565694497
      25       0.0774920869       4.0340615366
      26       0.0730122447       4.1070737813
      27       0.0708090174       4.1778827987
      28       0.0686215831       4.2465043818
      29       0.0703058773       4.3168102591
      30       0.0720278766       4.3888381357
      31       0.0707203868       4.4595585226
      32       0.0694063526       4.5289648752
      33       0.0670047306       4.5959696058
      34       0.0646091275       4.6605787333
      35       0.0653277297       4.7259064630
      36       0.0660143316       4.7919207946
      37       0.0641480503       4.8560688449
      38       0.0623586662       4.9184275111
      39       0.0588072286       4.9772347397
      40       0.0552226052       5.0324573449
      41       0.0558692171       5.0883265619
      42       0.0564769972       5.1448035592
      43       0.0511228417       5.1959264009
      44       0.0457030510       5.2416294519
      45       0.0454831125       5.2871125644
      46       0.0453505030       5.3324630673
      47       0.0480766931       5.3805397604
      48       0.0508047373       5.4313444977
      49       0.0528982141       5.4842427118
      50       0.0549812987       5.5392240105
      51       0.0513815307       5.5906055412
      52       0.0477646388       5.6383701800
      53       0.0508615216       5.6892317015
      54       0.0539700614       5.7432017629
      55       0.0498653080       5.7930670710
      56       0.0457943794       5.8388614504
      57       0.0468119172       5.8856733676
      58       0.0478503676       5.9335237351
      59       0.0469644158       5.9804881510
      60       0.0460418895       6.0265300405
      61       0.0465813119       6.0731113524
      62       0.0471183321       6.1202296845
      63       0.0446628279       6.1648925124
      64       0.0422007636       6.2070932760
      65       0.0458852586       6.2529785346
      66       0.0495871032       6.3025656378
      67       0.0432429256       6.3458085635
      68       0.0369179054       6.3827264688
      69       0.0381194681       6.4208459369
      70       0.0392933541       6.4601392910
      71       0.0389248164       6.4990641074
      72       0.0385419453       6.5376060526
      73       0.0392201200       6.5768261726
      74       0.0399117435       6.6167379161
      75       0.0378054580       6.6545433741
      76       0.0356583699       6.6902017440
      77       0.0348537916       6.7250555356
      78       0.0341033298       6.7591588654
      79       0.0349649599       6.7941238253
      80       0.0357921554       6.8299159807
      81       0.0337654932       6.8636814739
      82       0.0317550454       6.8954365193
      83       0.0358056050       6.9312421243
      84       0.0398565535       6.9710986778
      85       0.0378409924       7.0089396703
      86       0.0358157139       7.0447553842
      87       0.0352946329       7.0800500171
      88       0.0347438047       7.1147938218
      89       0.0324368222       7.1472306439
      90       0.0301697735       7.1774004174
      91       0.0317559816       7.2091563990
      92       0.0333201668       7.2424765659
      93       0.0327901853       7.2752667512
      94       0.0322513051       7.3075180562
      95       0.0278417677       7.3353598240
      96       0.0233937625       7.3587535864
      97       0.0249342269       7.3836878133
      98       0.0265505125       7.4102383258
      99       0.0285818512       7.4388201771
     100       0.0306059464       7.4694261235
     101       0.0269926196       7.4964187431
     102       0.0233372053       7.5197559484
     103       0.0227292696       7.5424852180
     104       0.0221626364       7.5646478544
     105       0.0211049588       7.5857528132
     106       0.0200616472       7.6058144604
     107       0.0172904223       7.6231048827
     108       0.0144649825       7.6375698651
     109       0.0181937180       7.6557635831
     110       0.0219620903       7.6777256734
     111       0.0178129698       7.6955386432
     112       0.0136495423       7.7091881855
     113       0.0176601311       7.7268483166
     114       0.0216661510       7.7485144676
     115       0.0192108230       7.7677252906
     116       0.0167922435       7.7845175342
     117       0.0178832000       7.8024007341
     118       0.0189147065       7.8213154406
     119       0.0180107037       7.8393261443
     120       0.0171206075       7.8564467519
     121       0.0140476911       7.8704944429
     122       0.0110456202       7.8815400631
     123       0.0122251086       7.8937651718
     124       0.0133700908       7.9071352626
     125       0.0132426614       7.9203779240
     126       0.0131257286       7.9335036526
     127       0.0141000260       7.9476036786
     128       0.0150290340       7.9626327126
     129       0.0142419725       7.9768746851
     130       0.0134898548       7.9903645399
     131       0.0108556565       8.0012201964
     132       0.0082407307       8.0094609270
     133       0.0100413803       8.0195023074
     134       0.0118544574       8.0313567647
     135       0.0150254841       8.0463822488
     136       0.0181348720       8.0645171209
     137       0.0163622286       8.0808793494
     138       0.0146298172       8.0955091667
     139       0.0163797020       8.1118888687
     140       0.0181058900       8.1299947587
     141       0.0172924673       8.1472872260
     142       0.0165728901       8.1638601161
     143       0.0155994716       8.1794595877
     144       0.0145372583       8.1939968459
     145       0.0148638748       8.2088607208
     146       0.0152036946       8.2240644154
     147       0.0116714683       8.2357358838
     148       0.0081221105       8.2438579943
     149       0.0098679040       8.2537258983
     150       0.0116147738       8.2653406721
     151       0.0086824861       8.2740231582
     152       0.0057642400       8.2797873982
     153       0.0068308759       8.2866182741
     154       0.0078685716       8.2944868457
     155       0.0085038325       8.3029906782
     156       0.0091238383       8.3121145165
     157       0.0089142544       8.3210287709
     158       0.0087304207       8.3297591916
     159       0.0075982799       8.3373574715
     160       0.0064887983       8.3438462697
     161       0.0062789375       8.3501252073
     162       0.0060293093       8.3561545165
     163       0.0039134193       8.3600679359
     164       0.0018000313       8.3618679671
     165       0.0040771241       8.3659450912
     166       0.0063899899       8.3723350811
     167       0.0059214568       8.3782565379
     168       0.0054598284       8.3837163663
     169       0.0092405157       8.3929568820
     170       0.0129980742       8.4059549562
     171       0.0132451062       8.4192000624
     172       0.0134452212       8.4326452836
     173       0.0120699536       8.4447152372
     174       0.0107526982       8.4554679354
     175       0.0080754017       8.4635433371
     176       0.0053866837       8.4689300208
     177       0.0051192789       8.4740492997
     178       0.0048725230       8.4789218227
     179       0.0045505688       8.4834723915
     180       0.0042404191       8.4877128106
     181       0.0052690906       8.4929819013
     182       0.0062836390       8.4992655403
     183       0.0047572164       8.5040227566
     184       0.0031947541       8.5072175107
     185       0.0063923769       8.5136098876
     186       0.0096078097       8.5232176973
     187       0.0091968278       8.5324145251
     188       0.0087869335       8.5412014587
     189       0.0074177530       8.5486192117
     190       0.0060420805       8.5546612922
     191       0.0032210642       8.5578823564
     192       0.0004014270       8.5582837833
     193       0.0039835727       8.5622673560
     194       0.0076306987       8.5698980547
     195       0.0086355509       8.5785336056
     196       0.0096374946       8.5881711002
     197       0.0082611470       8.5964322472
     198       0.0069190812       8.6033513284
     199       0.0081850975       8.6115364259
     200       0.0093380305       8.6208744564
